Experiment: convnext_tiny | Dataset: cifar10
       accuracy  precision    recall        f1  support
class                                                  
0      0.996154   0.996154  0.996154  0.996154      520
1      0.997925   1.000000  0.997925  0.998962      482
2      0.995902   0.997947  0.995902  0.996923      488
3      0.992063   0.998004  0.992063  0.995025      504
4      0.997959   0.997959  0.997959  0.997959      490
5      1.000000   0.993478  1.000000  0.996728      457
6      0.998106   1.000000  0.998106  0.999052      528
7      1.000000   1.000000  1.000000  1.000000      527
8      0.997984   0.995976  0.997984  0.996979      496
9      1.000000   0.996078  1.000000  0.998035      508

          precision    recall        f1   value
avg                                            
accuracy        NaN       NaN       NaN  0.9976
macro      0.997560  0.997609  0.997582     NaN
micro      0.997600  0.997600  0.997600     NaN
weighted   0.997605  0.997600  0.997600     NaN

Experiment: tinycnn | Dataset: cifar10
       accuracy  precision    recall        f1  support
class                                                  
0      0.501022   0.358712  0.501022  0.418089      489
1      0.336557   0.231691  0.336557  0.274448      517
2      0.033403   0.158416  0.033403  0.055172      479
3      0.192149   0.201299  0.192149  0.196617      484
4      0.311547   0.224138  0.311547  0.260711      459
5      0.112648   0.160563  0.112648  0.132404      506
6      0.539889   0.288119  0.539889  0.375726      539
7      0.005629   0.375000  0.005629  0.011091      533
8      0.316602   0.377011  0.316602  0.344176      518
9      0.226891   0.193896  0.226891  0.209100      476

          precision    recall        f1   value
avg                                            
accuracy        NaN       NaN       NaN  0.2588
macro      0.256884  0.257634  0.227753     NaN
micro      0.258800  0.258800  0.258800     NaN
weighted   0.259077  0.258800  0.228166     NaN

Experiment: vit_b_16 | Dataset: cifar10
       accuracy  precision    recall        f1  support
class                                                  
0      0.951168   0.941176  0.951168  0.946146      471
1      0.969940   0.977778  0.969940  0.973843      499
2      0.924406   0.949002  0.924406  0.936543      463
3      0.914062   0.881356  0.914062  0.897411      512
4      0.921844   0.946502  0.921844  0.934010      499
5      0.909627   0.918651  0.909627  0.914116      509
6      0.966000   0.956436  0.966000  0.961194      500
7      0.939571   0.937743  0.939571  0.938656      513
8      0.963340   0.977273  0.963340  0.970256      491
9      0.972376   0.953069  0.972376  0.962625      543

          precision    recall        f1   value
avg                                            
accuracy        NaN       NaN       NaN  0.9434
macro      0.943899  0.943233  0.943480     NaN
micro      0.943400  0.943400  0.943400     NaN
weighted   0.943677  0.943400  0.943452     NaN

